1	职业介绍信	1	1	1	0
2	金创药(小量)	1	1	1	0
2	魔法药(小量)	1	1	1	0
1	肉	1	1	1	0
3	布衣(男)	1	1	1	0
3	布衣(女)	1	1	1	0
4	木剑	1	1	1	0
4	铁剑	1	1	1	0
4	青铜剑	1	1	1	0
3	轻型盔甲(男)	1	1	1	0
3	轻型盔甲(女)	1	1	1	0
2	干肉	1	1	1	0
2	药	1	1	1	0
4	凝霜	1	1	1	0
1	火球术	1	1	1	0
1	治愈术	1	1	1	0
1	基本剑术	1	1	1	0
7	蜡烛	1	1	1	0
4	短剑	1	1	1	0
1	精神力战法	1	1	1	0
4	青铜斧	1	1	1	0
3	重盔甲(女)	1	1	1	0
3	魔法长袍(女)	1	1	1	0
3	灵魂战衣(女)	1	1	1	0
3	重盔甲(男)	1	1	1	0
3	魔法长袍(男)	1	1	1	0
3	灵魂战衣(男)	1	1	1	0
1	大火球	1	1	1	0
1	攻杀剑术	1	1	1	0
1	施毒术	1	1	1	0
4	匕首	1	1	1	0
4	井中月	1	1	1	0
4	银蛇	1	1	1	0
4	海魂	1	1	1	0
4	修罗	1	1	1	0
4	炼狱	1	1	1	0
4	凌风	1	1	1	0
4	破魂	1	1	1	0
4	斩马刀	1	1	1	0
1	食人树叶	1	1	1	0
1	毒蜘蛛牙齿	1	1	1	0
1	食人树果实	1	1	1	0
1	蝎子尾巴	1	1	1	0
1	蛆卵	1	1	1	0
2	灰色药粉(少量)	1	1	1	0
2	黄色药粉(少量)	1	1	1	0
5	古铜戒指	1	1	1	0
5	青铜头盔	1	1	1	0
5	金项链	1	1	1	0
5	铁手镯	1	1	1	0
2	灰色药粉(中量)	1	1	1	0
2	灰色药粉(大量)	1	1	1	0
2	黄色药粉(中量)	1	1	1	0
2	黄色药粉(大量)	1	1	1	0
4	乌木剑	1	1	1	0
4	魔杖	1	1	1	0
4	八荒	1	1	1	0
1	鸡肉	1	1	1	0
5	玻璃戒指	1	1	1	0
5	牛角戒指	1	1	1	0
5	蓝色水晶戒指	1	1	1	0
5	六角戒指	1	1	1	0
5	黑檀项链	1	1	1	0
5	黄色水晶项链	1	1	1	0
5	黑色水晶项链	1	1	1	0
5	魔法头盔	1	1	1	0
1	沃玛号角	1	1	1	0
4	半月	1	1	1	0
5	皮制手套	1	1	1	0
5	坚固手套	1	1	1	0
5	钢手镯	1	1	1	0
5	生铁戒指	1	1	1	0
5	金戒指	1	1	1	0
5	灯笼项链	1	1	1	0
5	白色虎齿项链	1	1	1	0
5	魅力戒指	1	1	1	0
5	道德戒指	1	1	1	0
5	白金项链	1	1	1	0
5	降妖除魔戒指	1	1	1	0
5	躲避手链	1	1	1	0
1	地牢逃脱卷	1	1	1	0
4	偃月	1	1	1	0
4	降魔	1	1	1	0
5	传统项链	1	1	1	0
5	小手镯	1	1	1	0
5	银手镯	1	1	1	0
5	大手镯	1	1	1	0
4	鹤嘴锄	1	1	1	0
5	隐身戒指	1	1	1	0
1	抗拒火环	1	1	1	0
1	地狱火	1	1	1	0
1	雷电术	1	1	1	0
1	疾光电影	1	1	1	0
1	灵魂火符	1	1	1	0
1	幽灵盾	1	1	1	0
1	神圣战甲术	1	1	1	0
2	金创药(中量)	1	1	1	0
2	魔法药(中量)	1	1	1	0
5	黑色水晶戒指	1	1	1	0
5	魔鬼项链	1	1	1	0
5	珊瑚戒指	1	1	1	0
5	蓝翡翠项链	1	1	1	0
5	蛇眼戒指	1	1	1	0
5	琥珀项链	1	1	1	0
2	护身符	1	1	1	0
1	刺杀剑术	1	1	1	0
5	放大镜	1	1	1	0
5	红宝石戒指	1	1	1	0
5	珍珠戒指	1	1	1	0
5	竹笛	1	1	1	0
5	铂金戒指	1	1	1	0
5	骷髅戒指	1	1	1	0
5	龙之戒指	1	1	1	0
5	死神手套	1	1	1	0
5	骷髅头盔	1	1	1	0
5	魔法手镯	1	1	1	0
5	金手镯	1	1	1	0
5	道士头盔	1	1	1	0
5	传送戒指	1	1	1	0
5	铂金手镯	1	1	1	0
5	骑士手镯	1	1	1	0
5	绿色项链	1	1	1	0
5	凤凰明珠	1	1	1	0
5	道士手镯	1	1	1	0
5	三眼手镯	1	1	1	0
5	灵魂项链	1	1	1	0
5	黑檀手镯	1	1	1	0
5	思贝儿手镯	1	1	1	0
5	恶魔铃铛	1	1	1	0
1	铜矿	1	1	1	0
1	铁矿	1	1	1	0
1	银矿	1	1	1	0
1	金矿	1	1	1	0
1	战神油	1	1	1	0
1	回城卷	1	1	1	0
1	祝福油	1	1	1	0
5	麻痹戒指	1	1	1	0
5	复活戒指	1	1	1	0
5	火焰戒指	1	1	1	0
5	防御戒指	1	1	1	0
5	愤怒戒指	1	1	1	0
5	护身戒指	1	1	1	0
5	超负载戒指	1	1	1	0
5	技巧项链	1	1	1	0
5	狂风戒指	1	1	1	0
5	夏普儿手镯	1	1	1	0
5	狂风项链	1	1	1	0
5	避邪手镯	1	1	1	0
5	探测项链	1	1	1	0
1	困魔咒	1	1	1	0
1	召唤骷髅	1	1	1	0
1	隐身术	1	1	1	0
1	集体隐身术	1	1	1	0
1	诱惑之光	1	1	1	0
1	瞬息移动	1	1	1	0
1	火墙	1	1	1	0
1	爆裂火焰	1	1	1	0
1	地狱雷光	1	1	1	0
1	半月弯刀	1	1	1	0
4	备用武器	1	1	1	0
4	备用武器	1	1	1	0
2	太阳水	1	1	1	0
1	祖玛头像	1	1	1	0
1	包月制会员证	1	1	1	0
1	随机传送卷	1	1	1	0
4	无极棍	1	1	1	0
4	血饮	1	1	1	0
4	裁决之杖	1	1	1	0
5	记忆戒指	1	1	1	0
5	记忆项链	1	1	1	0
5	记忆手镯	1	1	1	0
5	记忆头盔	1	1	1	0
4	祈祷之刃	1	1	1	0
5	祈祷手镯	1	1	1	0
5	祈祷项链	1	1	1	0
5	祈祷戒指	1	1	1	0
5	祈祷头盔	1	1	1	0
1	行会回城卷	1	1	1	0
1	修复油	1	1	1	0
2	强效金创药	1	1	1	0
2	强效魔法药	1	1	1	0
5	生命项链	1	1	1	0
5	力量戒指	1	1	1	0
5	心灵手镯	1	1	1	0
5	黑铁头盔	1	1	1	0
1	烈火剑法	1	1	1	0
1	野蛮冲撞	1	1	1	0
1	心灵启示	1	1	1	0
1	群体治疗术	1	1	1	0
1	召唤神兽	1	1	1	0
1	魔法盾	1	1	1	0
1	圣言术	1	1	1	0
1	冰咆哮	1	1	1	0
1	超级金创药	1	1	1	0
1	超级魔法药	1	1	1	0
2	强效太阳水	1	1	1	0
1	骰子	1	1	1	0
1	佛牌	1	1	1	0
1	黑铁矿石	1	1	1	0
1	彩票	1	1	1	0
2	疗伤药	1	1	1	0
2	特殊药水	1	1	1	0
1	药剂师的信	1	1	1	0
1	活动卷	1	1	1	0
4	命运之刃	1	1	1	0
4	屠龙	1	1	1	0
4	骨玉权杖	1	1	1	0
4	龙纹剑	1	1	1	0
4	嗜魂法杖	1	1	1	0
7	火把	1	1	1	0
5	精灵头盔	1	1	1	0
2	鹿茸	1	1	1	0
1	山洞凭证	1	1	1	0
5	紫碧螺	1	1	1	0
5	泰坦戒指	1	1	1	0
5	幽灵手套	1	1	1	0
5	阎罗手套	1	1	1	0
5	龙之手镯	1	1	1	0
5	天珠项链	1	1	1	0
5	幽灵项链	1	1	1	0
2	雪霜膏	1	1	1	0
1	金条	1	1	1	0
2	鹿血	1	1	1	0
5	神秘戒指	1	1	1	0
5	神秘腰带	1	1	1	0
5	神秘头盔	1	1	1	0
2	神水	1	1	1	0
2	超级蓝毒	1	1	1	0
2	超级红毒	1	1	1	0
2	超级绿毒	1	1	1	0
2	万年雪霜	1	1	1	0
2	雪霜	1	1	1	0
5	命运戒指	1	1	1	0
5	命运手镯	1	1	1	0
5	命运项链	1	1	1	0
5	魔力戒指	1	1	1	0
5	魔力手镯	1	1	1	0
5	魔力项链	1	1	1	0
1	备用卷1	1	1	1	0
1	声望卷	1	1	1	0
1	筹码	1	1	1	0
2	神秘药水	1	1	1	0
2	备用药1	1	1	1	0
1	金创药(小)包	1	1	1	0
1	魔法药(小)包	1	1	1	0
1	金创药(中)包	1	1	1	0
1	魔法药(中)包	1	1	1	0
1	地牢逃脱卷包	1	1	1	0
1	随机传送卷包	1	1	1	0
1	回城卷包	1	1	1	0
1	行会回城卷包	1	1	1	0
1	筹码包	1	1	1	0
1	书信	1	1	1	0
2	雪莲	1	1	1	0
1	攻击神水	1	1	1	0
1	魔力神水	1	1	1	0
1	精神神水	1	1	1	0
1	极速神水	1	1	1	0
1	体力强效神水	1	1	1	0
1	魔力强效神水	1	1	1	0
1	金砖	1	1	1	0
1	金盒	1	1	1	0
1	强化攻击神水	1	1	1	0
1	强化魔力神水	1	1	1	0
1	强化精神神水	1	1	1	0
1	强化极速神水	1	1	1	0
1	体力强化神水	1	1	1	0
1	魔力强化神水	1	1	1	0
1	强效攻击神水	1	1	1	0
1	强效魔力神水	1	1	1	0
1	强效精神神水	1	1	1	0
1	强效体力神水	1	1	1	0
1	强效魔法神水	1	1	1	0
1	超级攻击神水	1	1	1	0
1	超级魔力神水	1	1	1	0
1	超级精神神水	1	1	1	0
1	体力超级神水	1	1	1	0
1	魔力超级神水	1	1	1	0
1	超级极速神水	1	1	1	0
1	强效极速神水	1	1	1	0
1	苹果	1	1	1	0
4	赤血魔剑	1	1	1	0
5	魔血戒指	1	1	1	0
5	魔血手镯	1	1	1	0
5	魔血项链	1	1	1	0
5	虹魔戒指	1	1	1	0
5	虹魔手镯	1	1	1	0
5	虹魔项链	1	1	1	0
1	血剑块	1	1	1	0
5	无名戒指	1	1	1	0
5	命运戒指(刹)	1	1	1	0
5	命运项链(刹)	1	1	1	0
5	高尚戒指	1	1	1	0
5	命运手镯(刹)	1	1	1	0
5	高尚项链　	1	1	1	0
1	水晶	1	1	1	0
1	邪恶巨人心脏	1	1	1	0
1	赤月恶魔油	1	1	1	0
4	GM屠龙	1	1	1	0
4	初级银蛇	1	1	1	0
4	中级银蛇	1	1	1	0
4	高级银蛇	1	1	1	0
1	灰木	1	1	1	0
1	雪霜包	1	1	1	0
1	万恶召唤令	1	1	1	0
1	红木包	1	1	1	0
1	法王令牌	1	1	1	0
1	蓝木包	1	1	1	0
1	超级护身符	1	1	1	0
1	书	1	1	1	0
4	血饮魔	1	1	1	0
3	火龙鳞甲(男)	1	1	1	0
3	天使之翼(男)	1	1	1	0
3	天使之翼(女)	1	1	1	0
5	GM头盔	1	1	1	0
3	火龙鳞甲(女)	1	1	1	0
3	黄金战衣(男)	1	1	1	0
3	黄金战衣(女)	1	1	1	0
3	战神盔甲(男)	1	1	1	0
3	战神盔甲(女)	1	1	1	0
3	钢盔甲(男)	1	1	1	0
3	钢盔甲(女)	1	1	1	0
3	幽灵战衣(男)	1	1	1	0
3	幽灵战衣(女)	1	1	1	0
3	泰坦战衣(男)	1	1	1	0
3	泰坦战衣(女)	1	1	1	0
3	恶魔长袍(男)	1	1	1	0
3	恶魔长袍(女)	1	1	1	0
3	圣龙魔袍(男)	1	1	1	0
3	圣龙魔袍(女)	1	1	1	0
7	火炬	1	1	1	0
4	GM龙纹	1	1	1	0
1	超级红毒	1	1	1	0
1	超级绿毒	1	1	1	0
3	魔幻(男)	1	1	1	0
3	魔幻(女)	1	1	1	0
3	邪恶冰魅(男)	1	1	1	0
3	邪恶冰魅(女)	1	1	1	0
3	蝠灵(男)	1	1	1	0
3	蝠灵(女)	1	1	1	0
3	凤凰羽翼(女)	1	1	1	0
3	圣灵铠甲(女)	1	1	1	0
3	霸王铁盖	1	1	1	0
3	朱雀战袍	1	1	1	0
3	圣灵铠甲(男)	1	1	1	0
3	凤凰羽翼(男)	1	1	1	0
3	毁灭天地	1	1	1	0
3	龙翼	1	1	1	0
4	魅影之身	1	1	1	0
4	霸者之刃	1	1	1	0
4	旋风流星刀	1	1	1	0
4	双刃	1	1	1	0
4	袭风	1	1	1	0
4	魔刃	1	1	1	0
5	爱情戒指	1	1	1	0
4	嗜血狂刃	1	1	1	0
1	5元风云券	1	1	1	0
1	10元风云券	1	1	1	0
1	50元风云券	1	1	1	0
1	火焰冰	1	1	1	0
1	群雷术	1	1	1	0
1	群毒术	1	1	1	0
1	解毒术	1	1	1	0
1	狮子吼	1	1	1	0
1	半年制会员证	1	1	1	0
1	寒铁	1	1	1	0
1	全年制会员证	1	1	1	0
1	重设密码证	1	1	1	0
1	魔法石	1	1	1	0
1	诅咒石	1	1	1	0
7	会员勋章(2EXP)	1	1	1	0
7	会员勋章(Mon0)	1	1	1	0
7	勋章(AMC)	1	1	1	0
1	版主凭证	1	1	1	0
1	金刚石	1	1	1	0
1	备用卷5	1	1	1	0
1	备用卷6	1	1	1	0
5	圣战手镯　	1	1	1	0
5	法神手镯　	1	1	1	0
4	龙纹(魔)	1	1	1	0
7	天骄之徽(金)	1	1	1	0
7	天骄之徽(铜)	1	1	1	0
7	天骄之徽(银)	1	1	1	0
1	银石	1	1	1	0
5	黑铁手套	1	1	1	0
3	中型盔甲(男)	1	1	1	0
3	中型盔甲(女)	1	1	1	0
5	圣战头盔	1	1	1	0
5	圣战项链	1	1	1	0
5	圣战手镯	1	1	1	0
5	圣战戒指	1	1	1	0
5	法神头盔	1	1	1	0
5	法神项链	1	1	1	0
5	法神手镯	1	1	1	0
5	法神戒指	1	1	1	0
5	天尊头盔	1	1	1	0
5	天尊项链	1	1	1	0
5	天尊手镯	1	1	1	0
5	天尊戒指	1	1	1	0
2	橡树果	1	1	1	0
2	青色橡树果	1	1	1	0
2	银色橡树果	1	1	1	0
2	金色橡树果	1	1	1	0
1	修炼秘籍	1	1	1	0
1	西球场入场卷	1	1	1	0
1	石墓七凭证	1	1	1	0
1	祖玛教主凭证	1	1	1	0
1	沃玛教主凭证	1	1	1	0
1	赤月恶魔凭证	1	1	1	0
1	尸王殿凭证	1	1	1	0
1	石墓八凭证	1	1	1	0
1	石墓九凭证	1	1	1	0
1	西矿区凭证	1	1	1	0
1	东矿区凭证	1	1	1	0
1	决战场凭证	1	1	1	0
1	会议厅凭证	1	1	1	0
4	罗刹	1	1	1	0
5	浮幽项链　	1	1	1	0
5	浮幽手镯　	1	1	1	0
5	浮幽戒指　	1	1	1	0
5	银域项链　	1	1	1	0
5	银域戒指　	1	1	1	0
5	银域手镯　	1	1	1	0
1	修炼石	1	1	1	0
5	修炼手镯　	1	1	1	0
5	贝斯戒指　	1	1	1	0
5	考斯戒指　	1	1	1	0
5	宙迪项链　	1	1	1	0
5	宙迪手套　	1	1	1	0
5	宙迪戒指　	1	1	1	0
5	藤域戒指　	1	1	1	0
5	藤域手镯　	1	1	1	0
5	藤域项链　	1	1	1	0
5	修炼石2	1	1	1	0
5	铜域手镯　	1	1	1	0
5	铜域戒指　	1	1	1	0
5	铜域项链　	1	1	1	0
5	木域项链　	1	1	1	0
5	木域手镯　	1	1	1	0
5	木域戒指　	1	1	1	0
5	神域戒指　	1	1	1	0
5	神域手镯　	1	1	1	0
5	神域项链　	1	1	1	0
5	金域戒指　	1	1	1	0
5	金域手镯　	1	1	1	0
5	土域戒指　	1	1	1	0
5	土域手镯　	1	1	1	0
5	土域项链　	1	1	1	0
5	水域戒指　	1	1	1	0
5	水域手镯　	1	1	1	0
5	水域项链　	1	1	1	0
2	超强金创药	1	1	1	0
2	超强魔法药	1	1	1	0
1	打捆超强金创药	1	1	1	0
1	打捆超强魔法药	1	1	1	0
5	宙神头盔	1	1	1	0
5	贝迪头盔	1	1	1	0
5	道域头盔	1	1	1	0
5	勇士头盔	1	1	1	0
4	绿玉裁决	1	1	1	0
4	魔蛇	1	1	1	0
4	天道棍	1	1	1	0
4	斩月刀	1	1	1	0
4	嗜魂魔杖	1	1	1	0
1	圣战诱惑	1	1	1	0
1	法神骷髅	1	1	1	0
1	天尊剑术	1	1	1	0
1	藏玛教主凭证	1	1	1	0
3	圣战盔甲(男)	1	1	1	0
3	圣战盔甲(女)	1	1	1	0
3	天尊战衣(男)	1	1	1	0
3	天尊战衣(女)	1	1	1	0
3	法神魔袍(男)	1	1	1	0
3	法神魔袍(女)	1	1	1	0
4	斩天	1	1	1	0
4	法杖	1	1	1	0
4	碧玉权杖	1	1	1	0
4	红缨棍	1	1	1	0
1	结婚证书	1	1	1	0
4	统帅之刃	1	1	1	0
4	疆域之杖	1	1	1	0
4	玉竹扇	1	1	1	0
1	栗子1	1	1	1	0
1	栗子2	1	1	1	0
1	栗子3	1	1	1	0
1	栗子4	1	1	1	0
1	栗子5	1	1	1	0
1	栗子6	1	1	1	0
1	栗子7	1	1	1	0
1	栗子8	1	1	1	0
1	栗子9	1	1	1	0
1	栗子10	1	1	1	0
1	金色栗子	1	1	1	0
1	银色栗子	1	1	1	0
1	铜色栗子	1	1	1	0
1	褐色栗子	1	1	1	0
7	白菊花	1	1	1	0
4	金域法杖	1	1	1	0
4	蓝玉裁决	1	1	1	0
4	龙骨剑	1	1	1	0
5	英雄头盔(战)	1	1	1	0
5	英雄头盔(法)	1	1	1	0
5	英雄头盔(道)	1	1	1	0
5	英雄项链(战)	1	1	1	0
5	英雄项链(法)	1	1	1	0
5	英雄项链(道)	1	1	1	0
5	英雄手镯(战)	1	1	1	0
5	英雄手镯(法)	1	1	1	0
5	英雄手镯(道)	1	1	1	0
5	英雄戒指(战)	1	1	1	0
5	英雄戒指(法)	1	1	1	0
5	英雄戒指(道)	1	1	1	0
7	灵木腰带	1	1	1	0
7	法神腰带	1	1	1	0
7	皮革腰带	1	1	1	0
7	圣战腰带	1	1	1	0
7	天尊腰带	1	1	1	0
7	草鞋	1	1	1	0
7	布鞋	1	1	1	0
7	紫皮鞋	1	1	1	0
7	棉皮鞋	1	1	1	0
7	金紫靴	1	1	1	0
7	碧玉石	1	1	1	0
7	紫藤石	1	1	1	0
7	青云石	1	1	1	0
7	赤嶙石	1	1	1	0
4	斩龙	1	1	1	0
4	封魔剑	1	1	1	0
4	铁轮	1	1	1	0
4	霹雷	1	1	1	0
4	天神法杖	1	1	1	0
4	道域剑	1	1	1	0
1	逆魔凭证	1	1	1	0
5	逆魔项链(战)	1	1	1	0
5	逆魔项链(法)	1	1	1	0
5	逆魔项链(道)	1	1	1	0
5	逆魔手镯(战)	1	1	1	0
5	逆魔手镯(法)	1	1	1	0
5	逆魔手镯(道)	1	1	1	0
5	逆魔戒指(战)	1	1	1	0
5	逆魔戒指(法)	1	1	1	0
5	逆魔戒指(道)	1	1	1	0
4	屠龙(魔)	1	1	1	0
3	天灵袍(女)	1	1	1	0
3	CK	1	1	1	0
3	纯棉内裤	1	1	1	0
3	比基尼	1	1	1	0
3	泳装	1	1	1	0
4	屠龙魔	1	1	1	0
4	血饮(魔)	1	1	1	0
4	龙纹魔	1	1	1	0
5	海魂头盔(战)	1	1	1	0
5	海魂头盔(法)	1	1	1	0
5	海魂头盔(道)	1	1	1	0
7	海魂靴(战)	1	1	1	0
7	海魂战靴	1	1	1	0
7	海魂靴(法)	1	1	1	0
7	海魂法靴	1	1	1	0
7	海魂靴(道)	1	1	1	0
7	海魂道靴	1	1	1	0
5	海魂护腕(战)	1	1	1	0
5	海魂战腕	1	1	1	0
5	海魂护腕(法)	1	1	1	0
5	海魂法腕	1	1	1	0
5	海魂护腕(道)	1	1	1	0
5	海魂道腕	1	1	1	0
5	海魂手镯(战)	1	1	1	0
5	海魂战镯	1	1	1	0
5	海魂手镯(法)	1	1	1	0
5	海魂法镯	1	1	1	0
5	海魂手镯(道)	1	1	1	0
5	海魂道镯	1	1	1	0
5	海魂戒指(战)	1	1	1	0
5	海魂战戒	1	1	1	0
5	海魂戒指(法)	1	1	1	0
5	海魂法戒	1	1	1	0
5	海魂戒指(道)	1	1	1	0
5	海魂道戒	1	1	1	0
5	海魂项链(战)	1	1	1	0
5	海魂战链	1	1	1	0
5	海魂项链(法)	1	1	1	0
5	海魂法链	1	1	1	0
5	海魂项链(道)	1	1	1	0
5	海魂道链	1	1	1	0
7	炎龙靴	1	1	1	0
5	炎龙项链	1	1	1	0
5	炎龙戒指	1	1	1	0
7	炎龙腰带	1	1	1	0
5	炎龙手套	1	1	1	0
5	炎龙头盔	1	1	1	0
4	炎龙剑	1	1	1	0
3	炎龙盔甲(男)	1	1	1	0
3	炎龙盔甲(女)	1	1	1	0
3	炎龙袍(男)	1	1	1	0
3	炎龙袍(女)	1	1	1	0
2	红色药水	1	1	1	0
2	蓝色药水	1	1	1	0
1	超级红色药水	1	1	1	0
1	超级蓝色药水	1	1	1	0
1	镇龙珠	1	1	1	0
1	炎龙心脏	1	1	1	0
5	祈福项链　	1	1	1	0
7	荣誉勋章1号	1	1	1	0
7	荣誉勋章2号	1	1	1	0
7	荣誉勋章3号	1	1	1	0
7	荣誉勋章4号	1	1	1	0
7	荣誉勋章5号	1	1	1	0
7	荣誉勋章6号	1	1	1	0
7	荣誉勋章7号	1	1	1	0
7	荣誉勋章8号	1	1	1	0
7	荣誉勋章9号	1	1	1	0
7	荣誉勋章10号	1	1	1	0
7	荣誉勋章11号	1	1	1	0
7	荣誉勋章12号	1	1	1	0
7	荣誉勋章13号	1	1	1	0
7	荣誉勋章14号	1	1	1	0
7	荣誉勋章15号	1	1	1	0
7	荣誉勋章21号	1	1	1	0
7	荣誉勋章22号	1	1	1	0
7	荣誉勋章23号	1	1	1	0
7	荣誉勋章24号	1	1	1	0
7	荣誉勋章25号	1	1	1	0
7	荣誉勋章31号	1	1	1	0
7	荣誉勋章32号	1	1	1	0
7	荣誉勋章33号	1	1	1	0
7	荣誉勋章34号	1	1	1	0
7	荣誉勋章35号	1	1	1	0
7	荣誉勋章41号	1	1	1	0
7	荣誉勋章42号	1	1	1	0
7	荣誉勋章43号	1	1	1	0
7	荣誉勋章44号	1	1	1	0
7	荣誉勋章45号	1	1	1	0
5	帝王头盔	1	1	1	0
5	帝王项链	1	1	1	0
5	帝王戒指	1	1	1	0
5	帝王手套	1	1	1	0
7	帝王腰带	1	1	1	0
7	帝王靴	1	1	1	0
3	霓裳羽衣	1	1	1	0
3	天尊道袍	1	1	1	0
3	天师长袍	1	1	1	0
5	天罡项链	1	1	1	0
5	天罡戒指	1	1	1	0
5	天罡手镯	1	1	1	0
7	天罡腰带	1	1	1	0
7	天罡靴	1	1	1	0
5	天罡头盔	1	1	1	0
5	雷神帽	1	1	1	0
5	雷神项链	1	1	1	0
5	雷神手镯	1	1	1	0
5	雷神戒指	1	1	1	0
7	雷神腰带	1	1	1	0
7	雷神靴	1	1	1	0
7	帝王勋章	1	1	1	0
7	雷神勋章	1	1	1	0
1	鹅毛扇	1	1	1	0
1	龙图腾	1	1	1	0
1	石钥匙	1	1	1	0
1	龙骨	1	1	1	0
1	石叶	1	1	1	0
1	神针	1	1	1	0
1	遗忘之杖	1	1	1	0
1	半册天书	1	1	1	0
1	青铜坠碎片	1	1	1	0
1	祖玛令牌	1	1	1	0
1	纯银	1	1	1	0
1	白竹杖	1	1	1	0
1	红肠	1	1	1	0
1	石狮指甲	1	1	1	0
1	雅典盾	1	1	1	0
1	毒蜘蛛牙齿	1	1	1	0
1	青铜八卦	1	1	1	0
1	雪人指甲	1	1	1	0
1	灵魂明珠	1	1	1	0
1	天翼1号	1	1	1	0
1	天翼2号	1	1	1	0
1	天翼3号	1	1	1	0
1	天翼4号	1	1	1	0
1	天翼5号	1	1	1	0
1	天翼6号	1	1	1	0
1	天翼7号	1	1	1	0
1	龙双翼	1	1	1	0
1	金箱	1	1	1	0
1	青铜坠	1	1	1	0
1	1元风云券	1	1	1	0
1	2元风云券	1	1	1	0
1	彻地钉	1	1	1	0
1	双龙斩	1	1	1	0
1	狂风斩	1	1	1	0
1	破空剑	1	1	1	0
1	寒冰掌	1	1	1	0
1	灭天火	1	1	1	0
1	分身术	1	1	1	0
1	火龙气焰	1	1	1	0
1	气功波	1	1	1	0
1	净化术	1	1	1	0
1	无极真气	1	1	1	0
1	飓风破	1	1	1	0
1	诅咒术	1	1	1	0
1	血咒	1	1	1	0
1	骷髅咒	1	1	1	0
3	天使神翼(男)	1	1	1	0
3	天使神翼(女)	1	1	1	0
3	天使尊翼(男)	1	1	1	0
3	天使尊翼(女)	1	1	1	0
3	天使圣翼(男)	1	1	1	0
3	天使圣翼(女)	1	1	1	0
1	超级雪霜包	1	1	1	0
4	血饮魔	1	1	1	0
7	法神佩	1	1	1	0
7	天尊佩	1	1	1	0
7	圣战佩	1	1	1	0
1	50元代金券	1	1	1	0
1	30元代金券	1	1	1	0
1	20元代金券	1	1	1	0
3	毁灭天地	1	1	1	0
4	袭风	1	1	1	0
3	圣战宝甲	1	1	1	0
3	天魔神甲	1	1	1	0
3	法神披风	1	1	1	0
2	修复神水	1	1	1	0
3	恶魔(男)	1	1	1	0
3	恶魔(女)	1	1	1	0
1	超级祝福油	1	1	1	0
1	炎龙套装卷	1	1	1	0
1	真海魂法套装卷	1	1	1	0
1	真海魂战套装卷	1	1	1	0
1	真海魂道套装卷	1	1	1	0
1	逆魔道套装卷	1	1	1	0
1	逆魔战套装卷	1	1	1	0
1	逆魔法套装卷	1	1	1	0
1	记忆套装卷	1	1	1	0
1	帝王套装卷	1	1	1	0
1	雷神套装卷	1	1	1	0
1	1000元风云券	1	1	1	0
1	2000元风云券	1	1	1	0
1	2400元风云券	1	1	1	0
1	400元风云券	1	1	1	0
1	100元风云券	1	1	1	0
1	200元风云券	1	1	1	0
1	500元风云券	1	1	1	0
1	10000元风云券	1	1	1	0
4	六倍经验武器	1	1	1	0
1	金币	1	1	1	0
