0	回城卷	135	10000|1	0	1	地球人都知道
0	超级红毒	333	27500|1	0	1	地球人都知道
0	超级绿毒	334	27500|1	0	1	地球人都知道
0	打捆超强金创药	454	27500|1	0	1	地球人都知道
0	打捆超强魔法药	455	27500|1	0	1	地球人都知道
0	包月制会员证	164	100|0	0	1	地球人都知道
0	黑铁矿石	199	5|0	0	1	地球人都知道
0	回城卷包	250	77500|1	0	1	地球人都知道
0	超级护身符	309	80000|1	0	1	地球人都知道
0	随机传送卷包	249	75500|1	0	0	随机传送
1	金箱	683	5000|0	0	1	1个金箱换10个金盒
1	会员勋章(Mon0)	372	100|0	0	1	输入@fymir
1	会员勋章(2EXP)	371	1000|0	0	1	输入@fymir
1	金盒	262	500|0	0	1	地球人都知道
1	职业介绍信	1	5000|0	0	1	地球人都知道
1	金条	222	50|0	0	0	地球人都知道
1	金砖	261	250|0	0	0	地球人都知道
2	群雷术	361	5000|0	0	1	法师群体雷电术
2	群毒术	362	5000|0	0	1	道士群体施毒术
2	解毒术	363	5000|0	0	1	道士解毒术
2	100元风云券	739	100|0	0	1	地球人都知道
2	200元风云券	740	200|0	0	1	地球人都知道
2	400元风云券	738	400|0	0	1	地球人都知道
2	500元风云券	741	500|0	0	1	地球人都知道
2	1000元风云券	735	1000|0	0	1	地球人都知道
2	2000元风云券	736	2000|0	0	1	地球人都知道
2	2400元风云券	737	2400|0	0	1	地球人都知道
3	技巧项链	144	10000|0	0	1	地球人都知道
3	超负载戒指	143	3000|0	0	1	地球人都知道
3	传送戒指	119	30000|0	0	1	地球人都知道
3	隐身戒指	89	25500|0	0	1	地球人都知道
3	六倍经验武器	743	3000|0	0	1	六倍经验武器
4	沃玛号角	67	500|0	0	0	地球人都知道
4	修复神水	721	100|0	0	0	修理全身装备
5	苹果	281	1|0	0	1	地球人都知道
5	超级祝福油	724	500|0	0	1	百分百增加武器幸运,最多只能加7点幸运
5	超级雪霜包	708	1|0	0	1	地球人都知道
5	祝福油	305	2|0	0	1	地球人都知道
5	万恶召唤令	305	3000|0	0	1	地球人都知道
