0;金币1;41;0;1;0;0;0;0;1;0;0;0;0;0;0;0;0;0;0;0;0;1;0;
1;金创药(小量);0;0;1;0;0;0;398;1;20;0;0;0;0;0;0;0;0;0;0;0;80;200;
2;魔法药(小量);0;0;1;0;0;0;394;1;0;0;30;0;0;0;0;0;0;0;0;0;80;200;
3;肉;40;0;3;0;0;0;1;10000;0;0;0;0;0;0;0;0;0;0;0;0;200;10000;
4;布衣(男);10;1;5;0;0;0;60;5000;0;2;0;1;0;0;0;0;0;0;0;1;120;100;
5;布衣(女);11;1;5;0;0;0;80;5000;0;2;0;1;0;0;0;0;0;0;0;1;120;100;
6;木剑;5;1;7;0;0;0;30;4000;0;0;0;0;2;5;0;0;0;0;0;1;50;100;
7;铁剑;5;2;10;0;0;0;36;10000;0;0;0;0;5;9;0;0;0;0;0;10;1200;100;
8;青铜剑;5;2;9;0;0;0;31;6000;0;0;0;0;3;7;0;0;0;0;0;5;900;100;
9;轻型盔甲(男);10;2;8;0;0;0;61;8000;3;3;1;2;0;0;0;0;0;0;0;11;3000;100;
10;轻型盔甲(女);11;2;8;0;0;0;81;8000;3;3;1;2;0;0;0;0;0;0;0;11;3000;100;
11;干肉;1;0;1;0;0;0;5;1;0;0;0;0;0;0;0;0;0;0;0;0;10;10000;
12;包子;2;0;1;0;0;0;7;1;0;0;0;0;0;0;0;0;0;0;0;0;8;10000;
13;凝霜;5;13;20;0;0;0;45;20000;0;0;0;0;10;13;0;0;0;0;0;25;8000;50;
14;火球术;4;1;1;0;0;0;0;7;0;0;0;0;0;0;0;0;0;0;0;0;500;50;
15;治愈术;4;2;1;0;0;0;0;7;0;0;0;0;0;0;0;0;0;0;0;0;500;50;
16;基本剑术;4;0;1;0;0;0;0;7;0;0;0;0;0;0;0;0;0;0;0;0;500;50;
17;蜡烛;30;0;1;0;0;0;130;8000;0;0;0;0;0;0;0;0;0;0;0;0;10;10000;
18;短剑;5;4;9;0;0;0;33;8000;0;0;0;0;3;11;0;0;0;0;0;10;1000;100;
19;精神力战法;4;2;1;0;0;0;0;9;0;0;0;0;0;0;0;0;0;0;0;0;500;50;
20;青铜斧;5;3;10;0;0;0;32;10000;0;0;0;0;0;15;0;0;0;0;0;13;1500;50;
21;重盔甲(女);11;3;23;0;0;0;82;25000;4;7;2;3;0;0;0;0;0;0;0;22;12000;20;
22;魔法长袍(女);11;4;12;0;0;0;83;20000;3;5;3;4;0;0;0;2;0;0;0;22;10000;20;
23;灵魂战衣(女);11;5;15;0;0;0;84;20000;3;6;3;3;0;0;0;0;0;2;0;22;10000;20;
24;重盔甲(男);10;3;23;0;0;0;62;25000;4;7;2;3;0;0;0;0;0;0;0;22;12000;20;
25;魔法长袍(男);10;4;12;0;0;0;63;20000;3;5;3;4;0;0;0;2;0;0;0;22;10000;20;
26;灵魂战衣(男);10;5;15;0;0;0;64;20000;3;6;3;3;0;0;0;0;0;2;0;22;10000;20;
27;大火球;4;1;1;0;0;0;0;19;0;0;0;0;0;0;0;0;0;0;0;0;2000;10;
28;攻杀剑术;4;0;1;0;0;0;0;19;0;0;0;0;0;0;0;0;0;0;0;0;2000;10;
29;施毒术;4;2;1;0;0;0;0;14;0;0;0;0;0;0;0;0;0;0;0;0;1000;10;
30;匕首;5;6;5;0;0;0;35;10000;0;0;0;0;4;5;0;0;0;0;0;1;500;100;
31;井中月;5;17;58;0;0;0;48;30000;0;0;0;0;7;22;0;0;0;0;0;28;30000;50;
32;银蛇;5;9;26;0;0;0;38;24000;0;1;0;0;7;14;0;0;1;3;0;26;15000;50;
33;海魂;6;8;12;0;0;0;39;12000;0;0;0;0;3;10;1;2;0;0;0;15;3000;50;
34;修罗;5;7;40;0;0;0;40;25000;0;0;0;0;0;20;0;0;0;0;0;22;10000;50;
35;炼狱;6;11;60;0;0;0;41;28000;0;0;0;0;0;25;0;0;0;0;0;26;25000;50;
36;凌风;5;5;20;0;0;0;34;18000;0;0;0;0;6;12;0;0;0;0;0;19;5000;50;
37;破魂;5;20;8;0;0;0;51;11000;0;2;0;0;8;10;0;0;0;0;0;20;5000;50;
38;斩马刀;5;10;27;0;0;0;37;19000;0;0;0;0;5;15;0;0;0;0;0;20;6000;50;
39;食人树叶;42;0;1;0;0;0;255;1;0;0;0;0;0;0;0;0;0;0;0;0;50;50;
40;毒蜘蛛牙齿;42;0;1;0;0;0;253;1;0;0;0;0;0;0;0;0;0;0;0;0;50;50;
41;食人树的果实;42;0;1;0;0;0;256;1;0;0;0;0;0;0;0;0;0;0;0;0;300;50;
42;蝎子的尾巴;42;0;1;0;0;0;254;1;0;0;0;0;0;0;0;0;0;0;0;0;50;50;
43;蛆卵;42;0;1;0;0;0;252;1;0;0;0;0;0;0;0;0;0;0;0;0;500;50;
44;灰色药粉(少量);25;1;1;0;0;0;251;5000;0;0;0;0;0;0;0;0;0;0;0;0;5000;50;
45;黄色药粉(少量);25;2;1;0;0;0;250;5000;0;0;0;0;0;0;0;0;0;0;0;0;5000;50;
46;古铜戒指;22;0;1;0;0;0;145;5000;0;0;0;0;0;1;0;0;0;0;0;3;500;50;
47;青铜头盔;15;0;4;0;0;0;100;8000;0;1;0;0;0;0;0;0;0;0;0;10;1000;50;
48;金项链;20;0;1;0;0;0;222;8000;0;0;0;1;0;1;0;0;0;0;0;2;500;50;
49;铁手镯;24;0;1;0;0;0;180;4000;0;1;0;0;0;0;0;0;0;0;0;3;800;50;
50;灰色药粉(中量);25;1;2;0;0;0;251;10000;0;0;0;0;0;0;0;0;0;0;0;1;10000;50;
51;灰色药粉(大量);25;1;3;0;0;0;251;15000;0;0;0;0;0;0;0;0;0;0;0;1;15000;50;
52;黄色药粉(中量);25;2;2;0;0;0;250;10000;0;0;0;0;0;0;0;0;0;0;0;1;10000;50;
53;黄色药粉(大量);25;2;3;0;0;0;250;15000;0;0;0;0;0;0;0;0;0;0;0;1;15000;50;
54;乌木剑;5;1;8;0;0;0;43;7000;0;0;0;0;4;8;0;1;0;0;0;1;4000;50;
55;魔杖;6;12;10;0;0;0;42;15000;0;0;0;0;5;9;2;5;0;0;0;26;25000;50;
56;八荒;5;15;25;27;0;0;44;18000;0;0;0;0;4;12;0;0;0;0;0;15;5000;50;
57;鸡肉;40;0;1;0;0;0;13;4000;0;0;0;0;0;0;0;0;0;0;0;0;80;50;
58;玻璃戒指;22;0;1;0;0;0;143;3000;0;0;0;0;0;0;0;0;0;1;0;7;800;50;
59;牛角戒指;22;0;1;0;0;0;140;6000;0;0;0;1;0;1;0;0;0;0;0;9;1000;50;
60;蓝色水晶戒指;22;0;1;0;0;0;142;5000;0;0;0;2;1;0;0;0;0;0;0;16;1500;50;
61;六角戒指;22;0;1;0;0;0;144;6000;0;0;0;0;0;0;0;1;0;0;0;7;800;50;
62;黑檀项链;20;0;1;0;0;0;220;8000;0;0;0;0;0;0;1;0;0;0;0;13;1200;50;
63;黄色水晶项链;20;0;1;0;0;0;221;8000;0;0;0;0;0;0;0;0;1;0;0;13;1200;50;
64;黑色水晶项链;20;0;1;0;0;0;225;8000;0;0;0;0;1;0;0;0;0;0;0;13;1500;50;
65;魔法头盔;15;0;4;0;0;0;100;8000;0;1;1;1;0;0;0;0;0;0;0;14;2000;50;
66;沃玛号角;44;0;1;0;0;0;261;1;0;0;0;0;0;0;0;0;0;0;0;0;1000;5;
67;半月;5;16;16;0;0;0;46;14000;0;0;0;0;5;10;0;1;1;1;0;15;4000;50;
68;皮制手套;26;0;2;0;0;0;190;6000;0;1;0;0;0;0;0;0;0;0;0;7;1500;50;
69;坚固手套;26;0;3;0;0;0;191;8000;0;2;0;0;0;0;0;0;0;0;0;18;7000;50;
70;钢手镯;26;0;1;0;0;0;180;5000;0;1;0;1;0;0;0;0;0;0;0;8;2000;50;
71;生铁戒指;22;0;1;0;0;0;141;5000;0;2;0;0;0;0;0;1;0;0;2;9;3000;50;
72;金戒指;22;0;1;0;0;0;148;5000;0;0;0;3;1;1;1;1;1;1;0;22;8000;50;
73;灯笼项链;19;0;1;0;0;0;233;8000;0;1;0;0;1;0;0;0;0;0;0;18;3000;50;
74;白色虎齿项链;19;0;1;0;0;0;230;7000;0;2;0;0;0;0;0;0;1;1;3;11;3000;50;
75;魅力戒指;23;0;1;0;0;0;159;5000;0;0;0;0;0;0;1;2;0;0;0;23;4000;50;
76;道德戒指;23;0;1;0;0;0;153;5000;0;0;0;0;0;0;0;0;1;2;0;23;4000;50;
77;白金项链;20;0;1;0;0;0;231;6000;0;0;0;0;0;0;0;2;0;0;2;10;2000;50;
78;降妖除魔戒指;22;0;1;0;0;0;152;5000;0;0;0;4;1;2;1;2;1;2;0;25;10000;50;
79;躲避手链;20;0;1;0;0;0;238;8000;0;0;0;3;0;0;0;0;0;0;3;12;25000;50;
80;地牢逃脱卷;3;1;1;0;0;0;408;1;0;0;0;0;0;0;0;0;0;0;0;1;100;5;
81;偃月;6;18;13;0;0;0;49;12000;0;0;0;0;4;10;1;3;0;0;0;20;10000;5;
82;降魔;5;14;20;0;0;0;47;17000;0;1;0;0;6;11;0;0;1;2;0;20;10000;5;
83;传统项链;20;0;1;0;0;0;237;8000;0;1;0;0;0;0;0;0;0;0;0;3;1000;5;
84;小手镯;26;0;1;0;0;0;192;5000;0;0;0;1;0;0;0;0;0;0;0;5;1000;5;
85;银手镯;24;0;2;0;0;0;202;7000;0;0;0;1;0;0;0;0;0;0;0;7;1500;5;
86;大手镯;26;0;2;0;0;0;203;10000;1;1;0;0;0;0;0;0;0;0;0;9;5000;5;
87;鹤嘴锄;6;19;10;0;0;0;50;10000;0;0;0;0;0;8;0;0;0;0;0;11;700;5;
88;隐身戒指;22;111;1;0;0;0;174;4000;0;0;0;0;0;0;0;0;0;0;0;12;25000;5;
89;抗拒火环;4;1;1;0;0;0;0;12;0;0;0;0;0;0;0;0;0;0;0;0;500;5;
90;地狱火;4;1;1;0;0;0;0;16;0;0;0;0;0;0;0;0;0;0;0;0;1000;5;
91;雷电术;4;1;1;0;0;0;0;17;0;0;0;0;0;0;0;0;0;0;0;0;1000;5;
92;疾光电影;4;1;1;0;0;0;0;26;0;0;0;0;0;0;0;0;0;0;0;0;10000;5;
93;灵魂火符;4;2;1;0;0;0;0;18;0;0;0;0;0;0;0;0;0;0;0;0;1000;5;
94;幽灵盾;4;2;1;0;0;0;0;22;0;0;0;0;0;0;0;0;0;0;0;0;5000;5;
95;神圣战甲术;4;2;1;0;0;0;0;25;0;0;0;0;0;0;0;0;0;0;0;0;10000;5;
96;金创药(中量);0;0;2;0;0;0;400;1;50;0;0;0;0;0;0;0;0;0;0;0;200;5;
97;魔法药(中量);0;0;2;0;0;0;396;1;0;0;80;0;0;0;0;0;0;0;0;0;200;5;
98;黑色水晶戒指;22;0;1;0;0;0;163;5000;0;0;0;0;0;2;0;0;0;0;0;20;2000;5;
99;魔鬼项链;20;0;1;0;0;0;235;8000;0;0;0;0;2;0;0;0;0;0;0;17;2500;5;
100;珊瑚戒指;22;0;1;0;0;0;164;5000;0;0;0;0;0;4;0;0;0;0;0;25;15000;5;
101;蓝翡翠项链;20;0;1;0;0;0;246;8000;0;0;0;0;2;2;0;0;0;0;0;23;10000;5;
102;蛇眼戒指;22;0;1;0;0;0;165;5000;0;0;0;0;0;0;0;2;0;0;0;20;2000;5;
103;琥珀项链;20;0;1;0;0;0;236;6000;0;0;0;0;0;0;2;0;0;0;0;17;2000;5;
104;护身符;25;5;1;0;0;0;270;10000;0;0;0;0;0;0;0;0;0;0;0;0;500;5;
105;刺杀剑术;4;0;1;0;0;0;0;25;0;0;0;0;0;0;0;0;0;0;0;0;5000;5;
106;放大镜;20;0;1;0;0;0;245;6000;0;0;0;0;0;0;1;3;0;0;0;24;6000;5;
107;红宝石戒指;22;0;1;0;0;0;166;5000;0;0;0;0;0;0;0;4;0;0;2;17;15000;5;
108;珍珠戒指;22;0;1;0;0;0;161;5000;0;0;0;0;0;0;0;0;0;2;0;20;2000;5;
109;竹笛;20;0;1;0;0;0;242;7000;0;0;0;0;0;0;0;0;1;3;0;24;6000;5;
110;铂金戒指;22;0;1;0;0;0;173;5000;0;0;0;0;0;0;0;0;0;4;3;17;15000;5;
111;骷髅戒指;22;0;1;0;0;0;177;5000;0;0;0;0;0;3;0;0;0;0;1;30;5000;5;
112;龙之戒指;22;0;1;0;0;0;169;5000;0;0;0;0;0;5;0;0;0;0;1;37;20000;5;
113;死神手套;26;0;2;0;0;0;188;8000;0;0;0;0;1;2;0;0;0;0;0;22;8000;5;
114;骷髅头盔;15;0;5;0;0;0;103;8000;2;3;0;0;0;0;0;0;0;0;1;30;8000;5;
115;魔法手镯;26;0;1;0;0;0;205;7000;0;1;1;2;0;0;0;0;0;0;0;18;4000;5;
116;金手镯;26;0;1;0;0;0;207;7000;0;0;2;3;0;1;0;0;0;0;0;23;7000;5;
117;道士头盔;15;0;3;0;0;0;106;8000;1;2;2;3;0;0;0;0;0;0;0;24;5000;5;
118;传送戒指;22;112;1;0;0;0;172;5000;0;0;0;0;0;0;0;0;0;0;0;12;50000;5;
119;小手镯;26;0;1;0;0;0;201;7000;0;0;0;0;1;1;0;0;0;0;1;24;1000;5;
120;骑士手镯;26;0;1;0;0;0;209;8000;0;0;0;0;2;2;0;0;0;0;1;39;15000;5;
121;绿色项链;20;0;1;0;0;0;240;8000;0;0;0;0;2;5;0;0;0;0;1;39;20000;5;
122;凤凰明珠;20;0;1;0;0;0;243;7000;0;1;0;0;0;0;0;0;1;2;0;17;2000;5;
123;道士手镯;26;0;1;0;0;0;198;7000;0;0;0;0;0;0;0;0;0;1;0;19;4000;5;
124;三眼手镯;26;0;1;0;0;0;208;7000;1;1;0;0;0;0;0;0;1;3;3;22;10000;5;
125;灵魂项链;20;0;1;0;0;0;239;7000;1;2;0;0;0;0;0;0;1;6;3;23;25000;5;
126;黑檀手镯;26;0;1;0;0;0;211;6000;0;0;0;0;0;0;0;1;0;0;0;19;4000;5;
127;思贝儿手镯;26;0;1;0;0;0;210;6000;0;0;0;0;0;0;0;2;0;0;2;24;10000;5;
128;恶魔铃铛;20;0;1;0;0;0;244;6000;1;2;0;0;0;0;0;7;0;0;2;27;25000;5;
129;铜矿;43;0;4;0;0;0;286;10000;0;0;0;0;0;0;0;0;0;0;0;0;500;5;
130;铁矿;43;0;4;0;0;0;281;10000;0;0;0;0;0;0;0;0;0;0;0;0;1000;5;
131;银矿;43;0;4;0;0;0;285;10000;0;0;0;0;0;0;0;0;0;0;0;0;2500;5;
132;金矿;43;0;4;0;0;0;280;10000;0;0;0;0;0;0;0;0;0;0;0;0;6000;5;
133;战神油;3;10;1;0;0;0;2;1;0;0;0;0;0;0;0;0;0;0;0;0;1000;5;
134;回城卷;3;3;1;0;0;0;402;1;0;0;0;0;0;0;0;0;0;0;0;0;500;5;
135;祝福油;3;4;1;0;0;0;26;1;0;0;0;0;0;0;0;0;0;0;0;0;1000;5;
136;麻痹戒指;22;113;1;0;0;0;168;5000;0;0;0;0;0;1;0;0;0;0;0;16;20000;5;
137;复活戒指;22;114;1;0;0;0;175;5000;0;1;0;1;0;0;0;0;0;0;0;16;20000;5;
138;火焰戒指;22;115;1;0;0;0;171;5000;0;0;0;0;0;0;1;2;0;0;0;16;20000;5;
139;防御戒指;22;116;1;0;0;0;167;5000;0;0;0;0;0;0;0;0;1;2;0;16;20000;5;
140;愤怒戒指;22;117;1;0;0;0;167;5000;0;0;0;0;0;0;0;0;0;0;0;16;20000;5;
141;护身戒指;22;118;1;0;0;0;176;5000;0;1;0;0;0;0;0;0;0;0;0;16;20000;5;
142;神力戒指;22;119;1;0;0;0;170;5000;0;0;0;0;0;1;0;0;0;0;0;16;20000;5;
143;技巧项链;20;120;1;0;0;0;241;8000;0;0;0;0;0;0;0;0;0;0;0;16;20000;5;
144;狂风戒指;23;0;1;0;0;0;162;5000;1;0;0;0;0;1;0;0;0;0;0;16;20000;5;
145;夏普儿手镯;24;0;1;0;0;0;204;7000;0;2;0;0;0;0;0;0;0;0;0;16;20000;5;
146;狂风项链;21;0;1;0;0;0;228;8000;2;0;0;0;0;1;0;0;0;0;0;19;20000;5;
147;辟邪手镯;24;0;1;0;0;0;200;7000;0;0;0;2;0;0;0;0;0;0;0;19;20000;5;
148;探测项链;20;121;1;0;0;0;248;8000;0;0;0;0;0;0;0;0;0;0;0;1;20000;5;
149;困魔咒;4;2;1;0;0;0;0;28;0;0;0;0;0;0;0;0;0;0;0;1;8000;5;
150;召唤骷髅;4;2;1;0;0;0;0;19;0;0;0;0;0;0;0;0;0;0;0;1;2000;5;
151;隐身术;4;2;1;0;0;0;0;20;0;0;0;0;0;0;0;0;0;0;0;1;2000;5;
152;集体隐身术;4;2;1;0;0;0;0;21;0;0;0;0;0;0;0;0;0;0;0;1;3000;5;
153;诱惑之光;4;1;1;0;0;0;0;13;0;0;0;0;0;0;0;0;0;0;0;1;1000;5;
154;瞬息移动;4;1;1;0;0;0;0;19;0;0;0;0;0;0;0;0;0;0;0;1;2000;5;
155;火墙;4;1;1;0;0;0;0;24;0;0;0;0;0;0;0;0;0;0;0;1;3000;5;
156;爆裂火焰;4;1;1;0;0;0;0;22;0;0;0;0;0;0;0;0;0;0;0;1;3000;5;
157;地狱雷光;4;1;1;0;0;0;0;30;0;0;0;0;0;0;0;0;0;0;0;1;8000;5;
158;半月弯刀;4;0;1;0;0;0;0;28;0;0;0;0;0;0;0;0;0;0;0;1;8000;5;
159;太阳水;0;1;1;0;0;0;16;1;30;0;40;0;0;0;0;0;0;0;0;1;1000;5;
160;祖玛头像;44;1;1;0;0;0;271;1;0;0;0;0;0;0;0;0;0;0;0;1;1000;5;
161;强效金创药;0;0;3;0;0;0;28;1;90;0;0;0;0;0;0;0;0;0;0;1;550;5;
162;强效魔法药;0;0;3;0;0;0;29;1;0;0;150;0;0;0;0;0;0;0;0;1;550;5;
163;随机传送卷;3;2;1;0;0;0;404;1;0;0;0;0;0;0;0;0;0;0;0;1;100;5;
164;无极棍;5;21;15;0;0;0;52;25000;0;0;0;0;8;16;0;0;3;5;3;25;30000;5;
165;血饮;5;22;12;0;0;0;53;20000;0;5;0;0;3;14;3;5;0;0;2;27;30000;5;
166;裁决之杖;6;24;80;0;0;0;55;32000;0;0;0;0;0;30;0;0;0;0;0;30;35000;5;
167;记忆戒指;22;122;1;0;0;0;178;7000;0;0;0;0;0;0;0;0;1;3;0;26;20000;5;
168;记忆项链;19;123;1;0;0;0;247;8000;0;0;0;0;2;4;0;0;0;0;0;26;10000;5;
169;记忆手镯;24;124;1;0;0;0;212;6000;0;0;0;0;0;0;1;1;0;0;0;26;10000;5;
170;记忆头盔;15;125;7;0;0;0;109;8000;3;3;0;0;0;0;0;0;0;0;0;26;10000;5;
171;祈祷之刃;5;23;10;0;0;8;54;20000;0;3;0;1;8;20;0;0;0;0;0;20;25000;5;
172;祈祷手镯;26;0;1;0;0;8;213;5000;0;0;0;0;0;2;0;0;0;0;0;15;10000;5;
173;祈祷项链;21;0;1;0;0;8;249;5000;0;0;0;0;0;0;0;0;0;4;0;15;10000;5;
174;祈祷戒指;23;0;1;0;0;8;179;5000;0;0;0;0;0;0;1;5;0;0;0;15;10000;5;
175;祈祷头盔;15;0;2;0;0;8;110;5000;3;4;1;2;0;0;0;0;0;0;0;18;20000;5;
176;行会回城卷;3;5;1;0;0;0;406;1;0;0;0;0;0;0;0;0;0;0;0;1;800;5;
177;修复油;3;9;1;0;0;0;27;1;0;0;0;0;0;0;0;0;0;0;0;1;800;5;
178;黑铁矿石;43;0;4;0;0;0;284;10000;0;0;0;0;0;0;0;0;0;0;0;0;1000;5;
179;生命项链;20;0;1;0;0;0;320;6000;1;1;0;0;0;0;1;5;0;0;2;25;10000;5;
180;力量戒指;22;0;3;0;0;0;336;6000;0;0;0;0;0;6;0;0;0;0;1;46;20000;5;
181;心灵手镯;26;0;1;0;0;0;328;7000;0;0;0;0;0;0;0;0;1;2;3;24;13000;5;
182;黑铁头盔;15;0;20;0;0;0;344;10000;4;5;2;3;0;0;0;0;0;0;1;46;25000;5;
183;烈火剑法;4;0;1;0;0;0;0;35;0;0;0;0;0;0;0;0;0;0;0;0;20000;5;
184;野蛮冲撞;4;0;1;0;0;0;0;30;0;0;0;0;0;0;0;0;0;0;0;0;8000;5;
185;心灵启示;4;2;1;0;0;0;0;26;0;0;0;0;0;0;0;0;0;0;0;0;5000;5;
186;群体治愈术;4;2;1;0;0;0;0;33;0;0;0;0;0;0;0;0;0;0;0;0;10000;5;
187;召唤神兽;4;2;1;0;0;0;0;35;0;0;0;0;0;0;0;0;0;0;0;0;20000;5;
188;魔法盾;4;1;1;0;0;0;0;31;0;0;0;0;0;0;0;0;0;0;0;0;10000;5;
189;圣言术;4;1;1;0;0;0;0;32;0;0;0;0;0;0;0;0;0;0;0;0;10000;5;
190;冰咆哮;4;1;1;0;0;0;0;35;0;0;0;0;0;0;0;0;0;0;0;0;20000;5;
191;超级金创药;31;100;20;0;0;0;313;1;0;0;0;0;0;0;0;0;0;0;0;0;3400;5;
192;超级魔法药;31;101;20;0;0;0;314;1;0;0;0;0;0;0;0;0;0;0;0;0;3400;5;
193;强效太阳水;0;1;2;0;0;0;312;1;50;0;80;0;0;0;0;0;0;0;0;0;2000;5;
194;骰子;45;6;1;0;0;0;360;1;0;0;0;0;0;0;0;0;0;0;0;0;3000;5;
195;木料;45;2;1;0;0;0;368;1;0;0;0;0;0;0;0;0;0;0;0;0;500;5;
196;落魄神兵;5;30;40;0;0;0;55;40000;0;0;0;0;0;0;0;0;0;0;0;40;100000;5;
197;彩票;3;11;1;0;0;0;265;1;0;0;0;0;0;0;0;0;0;0;0;0;455;5;
198;中型盔甲(男);10;2;12;0;0;0;61;12000;3;5;1;2;0;0;0;0;0;0;0;16;6000;100;
199;中型盔甲(女);11;2;12;0;0;0;81;12000;3;5;1;2;0;0;0;0;0;0;0;16;6000;100;
200;上网卡;47;2;1;0;0;0;0;1;0;0;0;0;0;0;0;0;0;0;0;1;1;1;
201;正版游戏;47;2;1;0;0;0;0;1;0;0;0;0;0;0;0;0;0;0;0;1;1;1;
202;许中医的药1;0;2;1;0;0;0;14;1;0;0;0;0;0;0;0;0;0;0;0;0;100;5;
203;许中医的药2;0;3;1;0;0;0;14;1;0;0;0;0;0;0;0;0;0;0;0;0;100;5;
204;许中医的药3;0;4;1;0;0;0;14;1;0;0;0;0;0;0;0;0;0;0;0;0;100;5;
205;药剂师的信;46;1;1;0;0;0;266;1;0;0;0;0;0;0;0;0;0;0;0;0;10;5;
206;命运之刃;5;29;48;0;0;0;65;20000;0;0;0;0;12;16;0;0;0;0;0;35;20000;5;
207;屠龙;5;26;99;0;0;0;57;33000;0;0;0;0;5;35;0;0;0;0;0;34;38000;5;
208;龙纹剑;5;25;40;0;0;0;56;22000;0;0;0;0;8;20;0;0;3;6;0;35;35000;5;
209;嗜魂法杖;6;27;26;0;0;0;58;10000;0;0;0;0;6;13;2;8;0;0;0;35;38000;5;
210;紫碧螺;22;0;2;0;0;0;183;5000;0;0;0;0;0;0;0;5;0;0;2;24;15000;5;
211;泰坦戒指;22;0;3;0;0;0;182;5000;0;0;0;0;0;0;0;0;2;6;3;24;15000;5;
212;幽灵手套;26;0;5;0;0;0;186;8000;0;3;0;0;0;0;0;0;0;0;0;25;8000;5;
213;阎罗手套;26;0;10;0;0;0;187;8000;0;4;0;0;0;0;0;0;0;0;0;30;10000;5;
214;龙之手镯;26;0;3;0;0;0;214;6000;0;0;0;0;0;0;0;3;0;0;2;28;12000;5;
215;天珠项链;20;0;1;0;0;0;218;7000;0;0;0;0;0;0;0;0;1;5;3;22;10000;5;
216;幽灵项链;20;0;1;0;0;0;219;8000;0;0;0;0;0;5;0;0;0;0;0;24;10000;5;
217;火把;30;0;3;0;0;0;131;20000;0;0;0;0;0;0;0;0;0;0;0;0;500;5;
218;头盔;15;0;5;0;0;0;100;1000;0;0;0;0;0;0;0;0;0;0;0;1;10;5;
219;鹿茸;0;1;5;0;0;0;6;1;100;0;100;0;0;0;0;0;0;0;0;0;10;5;
220;骨玉权杖;6;28;20;0;0;0;59;18000;0;0;0;0;6;12;2;6;0;0;0;35;28000;5;
221;神秘戒指;22;130;1;0;0;0;181;5000;0;0;0;0;0;0;0;0;0;0;0;18;100;5;
222;神秘腰带;26;131;1;0;0;0;215;8000;0;0;0;0;0;0;0;0;0;0;0;18;100;5;
223;神秘头盔;15;132;10;0;0;0;111;10000;0;0;0;0;0;0;0;0;0;0;0;18;100;5;
224;神水;0;2;1;0;0;0;119;1;0;0;0;0;0;0;0;0;0;0;0;0;100;5;
225;命运之书;47;2;1;0;0;0;0;1;0;0;0;0;0;0;0;0;0;0;0;0;100;5;
226;金条;47;0;10;0;0;0;117;1;0;0;0;0;0;0;0;0;0;0;0;0;100;5;
227;米糕;0;1;2;0;0;0;118;1;150;0;150;0;0;0;0;0;0;0;0;0;100;5;
228;鹿血;0;1;1;0;0;0;23;1;20;0;20;0;0;0;0;0;;0;0;0;100;5;
229;生灵戒指;22;0;2;0;0;0;297;4000;0;0;0;0;0;1;0;0;0;0;0;20;8000;5;
230;生灵手镯;26;0;2;0;0;0;298;4000;0;0;0;0;0;0;0;0;1;1;0;20;8000;5;
231;生灵项链;20;0;2;0;0;0;296;4000;0;0;0;0;0;0;0;1;0;0;0;20;8000;5;
232;魔力戒指;22;0;2;0;0;0;289;4000;0;0;0;0;0;0;0;1;0;0;0;20;8000;5;
233;魔力手镯;26;0;2;0;0;0;290;4000;0;0;0;0;0;1;0;0;0;0;0;20;8000;5;
234;魔力项链;20;0;2;0;0;0;288;4000;0;0;0;0;0;0;0;0;0;1;0;20;8000;5;
235;佛牌;45;2;1;0;0;0;368;1;0;0;0;0;0;0;0;0;0;0;0;0;0;5;
236;介绍信;46;1;1;0;0;0;266;0;0;0;0;0;0;0;0;0;0;0;0;0;0;5;
237;疗伤药;0;1;1;0;0;0;14;0;100;0;160;0;0;0;0;0;0;0;0;0;5000;5;
238;薄荷叶;42;0;1;0;0;0;255;0;0;0;0;0;0;0;0;0;0;0;0;0;0;5;
239;祈福项链;20;0;1;0;0;0;218;10000;0;0;0;0;0;0;0;0;0;0;0;0;0;5;
240;牢犯匕首;5;6;5;0;0;0;35;0;0;0;0;0;0;0;0;0;0;0;0;0;0;5;
241;恶魔长袍(女);11;4;19;0;0;0;83;25000;4;7;3;4;0;0;1;4;0;0;2;28;22000;20;
242;恶魔长袍(男);10;4;19;0;0;0;63;25000;4;7;3;4;0;0;1;4;0;0;2;28;22000;20;
243;幽灵战衣(女);11;5;26;0;0;0;84;28000;4;7;3;4;0;0;0;0;1;4;3;27;22000;20;
244;幽灵战衣(男);10;5;26;0;0;0;64;28000;4;7;3;4;0;0;0;0;1;4;3;27;22000;20;
245;战神盔甲(男);10;3;45;0;0;0;62;30000;5;9;3;5;0;0;0;0;0;0;1;46;25000;20;
246;战神盔甲(女);11;3;45;0;0;0;82;30000;5;9;3;5;0;0;0;0;0;0;1;46;25000;20;
247;MP3随身听;47;2;1;0;0;0;0;1;0;0;0;0;0;0;0;0;0;0;0;1;0;1;
248;AMD芯片;47;2;1;0;0;0;0;1;0;0;0;0;0;0;0;0;0;0;0;1;0;1;
249;液晶显示器;47;2;1;0;0;0;0;1;0;0;0;0;0;0;0;0;0;0;0;1;0;1;
250;时尚手机;47;2;1;0;0;0;0;1;0;0;0;0;0;0;0;0;0;0;0;1;0;1;
251;数码相机;47;2;1;0;0;0;0;1;0;0;0;0;0;0;0;0;0;0;0;1;0;1;
252;山洞凭证;46;1;1;0;0;0;265;1;0;0;0;0;0;0;0;0;0;0;0;0;100;5;
253;筹码;46;1;2;0;0;0;391;1;0;0;0;0;0;0;0;0;0;0;0;0;1000;5;
254;特殊药水;0;1;5;0;0;0;4;1;20;0;20;0;0;0;0;0;0;0;0;0;100;5;
255;万年雪霜;0;1;2;0;0;0;260;1;100;0;100;0;0;0;0;0;0;0;0;0;4000;5;
256;金创药（小）包;31;102;7;0;0;0;399;0;0;0;0;0;0;0;0;0;0;0;0;0;680;5;
257;魔法药（小）包;31;103;7;0;0;0;395;0;0;0;0;0;0;0;0;0;0;0;0;0;680;5;
258;金创药（中）包;31;104;14;0;0;0;401;0;0;0;0;0;0;0;0;0;0;0;0;0;1520;5;
259;魔法药（中）包;31;105;14;0;0;0;397;0;0;0;0;0;0;0;0;0;0;0;0;0;1520;5;
260;地牢逃脱卷包;31;106;6;0;0;0;409;0;0;0;0;0;0;0;0;0;0;0;0;0;800;5;
261;随机传送卷包;31;107;6;0;0;0;405;0;0;0;0;0;0;0;0;0;0;0;0;0;800;5;
262;回城卷包;31;108;6;0;0;0;403;0;0;0;0;0;0;0;0;0;0;0;0;0;3200;5;
263;行会回城卷包;31;109;6;0;0;0;407;0;0;0;0;0;0;0;0;0;0;0;0;0;6200;5;
264;筹码包;31;110;14;0;0;0;390;0;0;0;0;0;0;0;0;0;0;0;0;0;6200;5;
265;魔法头盔;15;0;4;0;0;0;100;12000;0;1;0;0;0;0;0;1;0;0;0;15;12000;50;
266;求婚戒指;22;0;1;0;0;0;170;10000;0;0;0;0;0;0;0;0;0;0;0;0;1000;5;
267;血剑;5;30;45;0;0;0;66;25000;0;0;0;0;15;20;0;0;0;0;0;40;15000;5;
268;金砖;47;0;52;0;0;0;121;1;0;0;0;0;0;0;0;0;0;0;0;0;100;5;
269;宝箱;47;0;20;0;0;0;122;1;0;0;0;0;0;0;0;0;0;0;0;0;100;5;
270;护身符（大）;25;5;3;0;0;0;270;20000;0;0;0;0;0;0;0;0;0;0;0;0;1000;5;
271;面条;1;0;1;0;0;0;412;1;0;0;0;0;0;0;0;0;0;0;0;0;10;10000;
272;圣战头盔;15;0;20;0;0;0;104;7000;4;5;2;3;0;1;0;0;0;0;1;40;35000;5;
273;法神头盔;15;0;2;0;0;0;101;7000;4;4;1;2;0;0;0;1;0;0;2;28;35000;5;
274;天尊头盔;15;0;3;0;0;0;102;7000;4;4;1;2;0;0;0;0;0;1;3;25;35000;5;
275;圣战手镯;26;0;2;0;0;0;196;7000;0;1;0;0;2;3;0;0;0;0;1;40;35000;5;
276;法神手镯;26;0;1;0;0;0;197;7000;0;1;0;0;0;0;0;4;0;0;2;28;35000;5;
277;天尊手镯;26;0;1;0;0;0;195;7000;1;2;0;0;0;0;0;0;1;4;3;25;35000;5;
278;圣战戒指;22;0;2;0;0;0;147;7000;0;0;0;1;0;7;0;0;0;0;1;40;35000;5;
279;法神戒指;22;0;1;0;0;0;158;7000;0;0;0;1;0;0;1;6;0;0;2;28;35000;5;
280;天尊戒指;22;0;1;0;0;0;157;7000;0;0;0;1;0;0;0;0;2;7;3;25;35000;5;
281;圣战项链;20;0;2;0;0;0;229;7000;0;0;0;0;3;6;0;0;0;0;1;40;35000;5;
282;法神项链;20;0;1;0;0;0;226;7000;1;2;0;0;0;0;1;8;0;0;2;28;35000;5;
283;天尊项链;20;0;1;0;0;0;234;7000;1;2;0;0;0;0;0;0;2;7;3;25;35000;5;
284;罗刹;5;7;30;0;0;0;40;25000;0;0;0;0;15;0;0;0;0;0;0;15;10000;50;
285;攻击神水;3;12;3;0;0;0;425;0;0;0;0;180;5;0;0;0;0;0;0;0;500;5;
286;魔力神水;3;12;3;0;0;0;423;0;0;0;0;180;0;0;3;0;0;0;0;0;500;5;
287;精神神水;3;12;3;0;0;0;421;0;0;0;0;180;0;0;0;0;3;0;0;0;500;5;
288;极速神水;3;12;3;0;0;0;420;0;0;1;0;180;0;0;0;0;0;0;0;0;500;5;
289;体力强效神水;3;12;3;0;0;0;424;0;50;0;0;120;0;0;0;0;0;0;0;0;500;5;
290;魔力强效神水;3;12;3;0;0;0;422;0;0;0;50;120;0;0;0;0;0;0;0;0;500;5;
291;金条包;47;0;50;0;0;0;121;1;0;0;0;0;0;0;0;0;0;0;0;0;100000;5;
292;金盒;47;0;110;0;0;0;122;1;0;0;0;0;0;0;0;0;0;0;0;0;100000;5;
293;赤血魔剑;5;30;22;0;0;12;66;23000;0;1;0;0;15;10;4;3;4;2;0;0;20000;5;
294;魔血戒指;22;133;2;25;0;0;430;4000;0;0;0;0;1;3;0;0;1;0;0;35;100000;5;
295;魔血手镯;26;134;2;25;0;0;429;4000;0;0;0;0;0;0;0;0;0;1;0;33;100000;5;
296;魔血项链;20;135;2;25;0;0;428;4000;0;0;0;0;2;2;1;3;0;0;0;33;100000;5;
297;虹魔戒指;22;136;2;5;0;0;433;4000;0;0;0;0;0;4;0;0;0;0;0;33;100000;5;
298;虹魔手镯;26;137;2;5;0;0;434;4000;0;0;0;0;0;0;0;0;0;2;0;33;100000;5;
299;虹魔项链;20;138;2;5;0;0;432;4000;0;0;0;0;0;0;0;4;0;0;0;33;100000;5;
300;血剑碎片;41;1;1;0;0;0;444;4000;0;0;0;0;0;0;0;0;0;0;0;1;500;5;
301;道神戒指;22;0;2;0;0;0;438;4000;0;0;0;0;0;0;0;0;0;0;0;37;100000;5;
302;道神手镯;26;0;2;0;0;0;436;4000;0;0;0;0;0;0;0;0;0;0;0;37;100000;5;
303;道神项链;20;0;2;0;0;0;437;4000;0;0;0;0;0;0;0;0;0;0;0;37;100000;5;
304;玉水晶;44;1;5;0;0;0;447;0;0;0;0;0;0;0;0;0;0;0;0;0;500;5;
305;血魔心脏;44;1;5;0;0;0;448;0;0;0;0;0;0;0;0;0;0;0;0;0;500;5;
306;魔血油;44;1;5;0;0;0;446;0;0;0;0;0;0;0;0;0;0;0;0;0;500;5;
307;红蛇果;44;1;5;0;0;0;426;0;0;0;0;0;0;0;0;0;0;0;0;0;500;5;
308;火炬;30;0;2;0;0;0;131;50000;0;0;0;0;0;0;0;0;0;0;0;0;2000;5;
309;星王冠;15;0;1;0;0;0;105;10000;5;5;5;5;0;0;0;0;0;0;0;0;1000;5;
310;荣誉勋章11号;30;0;0;0;0;0;393;50000;0;1;0;0;0;0;0;0;0;0;0;28;1000;5;
311;荣誉勋章12号;30;0;0;0;0;0;393;50000;0;0;0;1;0;0;0;0;0;0;0;28;1000;5;
312;荣誉勋章13号;30;0;0;0;0;0;393;50000;0;0;0;0;0;1;0;0;0;0;0;28;1000;5;
313;荣誉勋章14号;30;0;0;0;0;0;393;50000;0;0;0;0;0;0;0;1;0;0;0;28;1000;5;
314;荣誉勋章15号;30;0;0;0;0;0;393;50000;0;0;0;0;0;0;0;0;0;1;0;28;1000;5;
315;荣誉勋章21号;30;0;0;0;0;0;393;50000;0;2;0;0;0;0;0;0;0;0;0;28;1000;5;
316;荣誉勋章22号;30;0;0;0;0;0;393;50000;0;0;0;2;0;0;0;0;0;0;0;28;1000;5;
317;荣誉勋章23号;30;0;0;0;0;0;393;50000;0;0;0;0;0;2;0;0;0;0;0;28;1000;5;
318;荣誉勋章24号;30;0;0;0;0;0;393;50000;0;0;0;0;0;0;0;2;0;0;0;28;1000;5;
319;荣誉勋章25号;30;0;0;0;0;0;393;50000;0;0;0;0;0;0;0;0;0;2;0;28;1000;5;
320;荣誉勋章31号;30;0;0;0;0;0;393;50000;1;2;0;0;0;0;0;0;0;0;0;28;1000;5;
321;荣誉勋章32号;30;0;0;0;0;0;393;50000;0;0;1;2;0;0;0;0;0;0;0;28;1000;5;
322;荣誉勋章33号;30;0;0;0;0;0;393;50000;0;0;0;0;1;2;0;0;0;0;0;28;1000;5;
323;荣誉勋章34号;30;0;0;0;0;0;393;50000;0;0;0;0;0;0;1;2;0;0;0;28;1000;5;
324;荣誉勋章35号;30;0;0;0;0;0;393;50000;0;0;0;0;0;0;0;0;1;2;0;28;1000;5;
325;荣誉勋章41号;30;0;0;0;0;0;393;50000;1;3;0;0;0;0;0;0;0;0;0;28;1000;5;
326;荣誉勋章42号;30;0;0;0;0;0;393;50000;0;0;1;3;0;0;0;0;0;0;0;28;1000;5;
327;荣誉勋章43号;30;0;0;0;0;0;393;50000;0;0;0;0;1;3;0;0;0;0;0;28;1000;5;
328;荣誉勋章44号;30;0;0;0;0;0;393;50000;0;0;0;0;0;0;1;3;0;0;0;28;1000;5;
329;荣誉勋章45号;30;0;0;0;0;0;393;50000;0;0;0;0;0;0;0;0;1;3;0;28;1000;5;
330;龙牙;6;31;25;0;0;0;69;28000;0;5;0;0;10;18;3;6;0;0;2;28;35000;5;
331;怒斩;5;32;85;0;0;0;70;35000;0;3;0;0;12;26;0;0;0;0;1;46;35000;5;
332;逍遥扇;5;33;45;0;0;0;71;30000;1;0;0;0;5;13;0;0;4;10;0;35;38000;5;
333;留香;5;33;1;0;0;0;71;50000;1;0;0;0;0;0;0;0;0;0;0;0;100;5;
334;天魔神甲;10;6;62;0;0;0;85;35000;5;12;4;7;1;2;0;0;0;0;0;40;50000;20;
335;法神披风;10;7;21;0;0;0;86;26000;4;9;4;6;0;0;2;5;0;0;0;40;50000;20;
336;天尊道袍;10;8;37;0;0;0;87;30000;4;9;4;6;0;0;0;0;2;5;0;40;50000;20;
337;圣战宝甲;11;6;62;0;0;0;88;35000;5;12;4;7;1;2;0;0;0;0;0;40;50000;20;
338;霓裳羽衣;11;7;21;0;0;0;89;26000;4;9;4;6;0;0;2;5;0;0;0;40;50000;20;
339;天师长袍;11;8;37;0;0;0;90;30000;4;9;4;6;0;0;0;0;2;5;0;40;50000;20;
340;参赛证;30;0;1;0;0;0;274;100000;0;0;0;0;0;0;0;0;0;0;0;0;0;100;
341;大风起兮云飞扬;5;33;1;0;0;0;71;10000;0;0;0;0;0;0;0;0;0;0;0;11;100;5;
342;几施经略挫雄豪;5;33;1;0;0;0;71;10000;0;0;0;0;0;0;0;0;0;0;0;11;100;5;
343;天下谁人不识君;5;33;1;0;0;0;71;10000;0;0;0;0;0;0;0;0;0;0;0;11;100;5;
344;雏凤清于老凤声;5;33;1;0;0;0;71;10000;0;0;0;0;0;0;0;0;0;0;0;11;100;5;
345;人生乐在相知心;5;33;1;0;0;0;71;10000;0;0;0;0;0;0;0;0;0;0;0;11;100;5;
346;只羡鸳鸯不羡仙;5;33;1;0;0;0;71;10000;0;0;0;0;0;0;0;0;0;0;0;11;100;5;
347;一代红装照汗青;5;33;1;0;0;0;71;10000;0;0;0;0;0;0;0;0;0;0;0;11;100;5;
348;勋章之心;44;1;5;0;0;0;392;0;0;0;0;0;0;0;0;0;0;0;0;0;500;5;
349;绿宝石矿;43;0;4;0;0;0;282;10000;0;0;0;0;0;0;0;0;0;0;0;0;1000;5;
350;紫水晶矿;43;0;4;0;0;0;283;10000;0;0;0;0;0;0;0;0;0;0;0;0;1000;5;
351;幻境凭证;44;1;5;0;0;0;262;0;0;0;0;0;0;0;0;0;0;0;0;0;500;5;
